0.29 0.00 11.78
0.29 0.00 11.78
0.28 0.00 11.79
0.30 0.01 11.77
0.29 0.01 11.78
0.28 -0.00 11.78
0.29 0.02 11.79
0.31 0.01 11.77
0.28 -0.03 11.75
0.27 -0.03 11.77
0.29 0.02 11.76
0.32 0.01 11.78
0.28 -0.00 11.80
0.27 0.02 11.78
0.31 0.00 11.77
0.26 -0.00 11.77
0.28 0.00 11.80
0.30 -0.02 11.76
0.26 -0.01 11.73
0.25 0.01 11.77
0.30 0.02 11.79
0.25 0.00 11.81
0.25 0.00 11.77
0.25 -0.02 11.77
0.28 -0.01 11.77
0.27 0.02 11.78
0.29 0.02 11.79
0.28 0.00 11.79
0.28 -0.01 11.77
0.28 0.03 11.76
0.30 0.02 11.79
0.31 0.00 11.81
0.30 -0.03 11.79
0.27 -0.00 11.80
0.28 0.01 11.79
0.29 0.01 11.78
0.29 -0.00 11.78
0.28 0.00 11.78
